1418670002,24.21,4459750,246
1418673603,16.58,2901821,139
1418677202,6.67,1090804,44
1418680802,0,0,0
1418684402,48.4,6432130,196
1418688002,45.99,4351384,149
1418691604,0.94,253194,11
1418695203,20.87,2625962,88
1418698802,82.9500000000001,16544408,364
1418702402,16.05,3052548,99
1418706002,7.94,2589173,118
1418709602,15.03,4686594,106
1418713203,9.72,2601000,71
1418716803,1.84,878752,14
1418720403,0.48,250608,4
1418724002,0.44,188240,3
1418727602,0.12,62384,1
1418731201,0.52,250064,4
1418734803,0.56,251696,4
1418738401,0.27,125856,2
1418742003,2.02,817088,13
1418745603,5.27,2384048,38
1418749203,7.47,3132032,50
1418752802,5.24,2134560,34
1418756402,7.87,3424752,55
1418760003,7.64,2242096,52
1418763603,18.29,4037706,80
1418767202,22.43,4457560,103
1418770802,11.62,3141707,69
1418774402,7.96,2667642,50
1418778002,22.01,5151808,94
1418781602,0.83,377024,6
1418785202,1.12,566336,9
1418788802,2.5,1308544,23
1418792401,1.12,565776,9
1418796003,13.24,2844153,170
1418799602,6.54,3473984,59
1418803204,3.76,1981168,35
1418806803,5.39,2445835,56
1418810402,0.37,188224,3
1418814003,0.54,251664,4
1418817602,0.28,125840,2
1418821202,0.24,124768,2
1418824802,0.84,376464,6
1418828403,0.97,439392,7
1418832002,2.05,940144,15
1418835602,4.97,2317536,37
1418839202,7.69,2819856,45
1418842802,2.42,1103312,18
1418846402,3.69,1632864,26
1418850002,18.41,7360672,119
1418853603,4.22,1753760,28
1418857202,1.35,565840,9
1418860802,16.89,4894896,84
1418864402,17.54,5168720,88
1418868003,4.59,2344304,43
1418871602,3.37,1567168,25
1418875202,3.6,1631168,26
1418878803,56.23,15264896,269
1418882404,26.2900000000001,5038281,204
1418886002,1.22,565776,9
1418889602,7.04,2059238,53
1418893203,0.71,338592,6
1418896802,1.51,687920,11
1418900402,0.27,125840,2
1418904002,0.12,62384,1
1418907603,0.34,188240,3
1418911202,0.69,314624,5
1418914802,1.81,875632,14
1418918402,6.24,2319536,37
1418922004,10.61,4420032,72
1418925604,19.35,5283962,103
1418929202,39.31,9980560,175
1418932803,7.76,3447984,55
1418936403,47.32,11799430,225
1418940003,92.1,25416320,422
1418943602,36.45,14052912,231
1418947202,47.23,16327712,279
1418950803,87.96,30177632,508
1418954403,27.27,12734160,204
1418958001,30.02,12683456,211
1418961602,27.86,10568666,187
1418965203,41.79,15668404,271
1418968803,45.82,18706368,306
1418972403,48.8,15720467,354
1418976002,41.85,12750304,217
1418979602,9.73,4494496,72
1418983202,3.22,1694976,27
1418986803,1.67,874496,14
1418990403,1.18,563072,9
1418994003,0.92,439344,7
1418997602,1.03,501232,8
1419001202,13.6,4259408,68
1419004802,3.2,1439472,23
1419008402,9.86,4434272,71
1419012002,23.1,6875920,118
1419015603,11.35,5064032,81
1419019202,29.49,10954416,179
1419022803,16.6,5753168,92
1419026403,13.42,6660592,108
1419030003,6.23,2999056,48
1419033603,8.57,3937200,63
1419037202,10.01,4879472,79
1419040802,7.13,3434288,55
1419044402,31.02,9737088,167
1419048002,2.21,1127824,18
1419051603,4.08,1940736,31
1419055203,10.57,5372048,86
1419058802,13.49,3005363,141
1419062403,2.94,1438304,23
1419066003,0.48,250080,4
1419069602,0.62,312496,5
1419073203,0.62,312496,5
1419076803,0.13,62912,1
1419080403,0.77,375920,6
1419084002,0.32,125824,2
1419087603,1.19,436752,7
1419091202,1.86,937504,15
1419094802,0.88,439392,7
1419098402,4.35,2189552,35
1419102002,2.54,1253648,20
1419105602,1.52,751888,12
1419109203,6.56,3459184,58
1419112802,2.25,1064896,17
1419116402,6.63,2564256,41
1419120003,4.4,1936880,31
1419123603,1.5,687872,11
1419127203,4.33,1936304,31
1419130802,2.79,1312352,21
1419134402,1.61,751888,12
1419138004,3.44,1629072,26
1419141602,2.88,1348672,22
1419145203,9.86999999999999,2400565,135
1419148804,0.54,250080,4
1419152403,6.4,1226632,33
1419156003,11.76,2429202,57
1419159603,0.52,250608,4
1419163202,0.38,187152,3
1419166802,0.51,251152,4
1419170403,0.36,188240,3
1419174002,1.12,501776,8
1419177602,0.81,375968,6
1419181202,1.01,501264,8
1419184803,0.86,377008,6
1419188404,0.52,251712,4
1419192002,3.21,1508000,24
1419195602,0.91,439424,7
1419199203,3.15,1375312,22
1419202802,1.99,876656,14
1419206402,1.45,627120,10
1419210002,1.46,691600,11
1419213602,1.7,755072,12
1419217202,3.48,1505792,24
1419220802,3.94,1879408,30
1419224402,7.2,3190048,51
1419228008,2.74,1252800,20
1419231603,11.81,3176573,144
1419235203,1.47,690000,11
1419238802,0.54,250064,4
1419242403,0.39,187696,3
1419246002,0.52,188224,3
1419249602,1.37,626480,10
1419253202,0.51,250608,4
1419256802,1.31,626496,10
1419260402,0.9,439904,7
1419264003,1.8,816432,13
1419267603,7.31,3252000,52
1419271203,10.27,4551616,75
1419274803,3.06,1378912,22
1419278402,6.76,2441200,39
1419282002,1.22,564704,9
1419285602,12.28,3901338,72
1419289203,5.64,2692480,43
1419292803,4.31,2040352,33
1419296402,2.16,942448,15
1419300002,1.75,876144,14
1419303602,2.65,1191840,19
1419307202,3.66,1654256,29
1419310803,2.34,1207088,21
1419314403,7.13,3397840,56
1419318003,4.47,2174272,36
1419321602,11.92,1902435,117
1419325203,1.64,752432,12
1419328804,0.44,188240,3
1419332402,0.8,376432,6
1419336002,0.32,125856,2
1419339602,0.29,125856,2
1419343203,0.45,187696,3
1419346802,10.62,3999008,64
1419350402,2.26,1002496,16
1419354003,5.79,2314368,37
1419357603,2.69,1192384,19
1419361203,5.04,2128368,34
1419364802,1.76,752368,12
1419368402,4.77,2068480,33
1419372002,6.33,3001008,48
1419375602,2.51,1190176,19
1419379202,7.17,3398192,55
1419382803,2.81,1438720,23
1419386402,2.77,1375840,22
1419390002,1.69,752928,12
1419393603,2.89,1643280,28
1419397202,1.09,439952,7
1419400803,0.91,439408,7
1419404403,2.42,1002448,16
1419408002,8.62999999999999,1323523,118
1419411603,0.78,376448,6
1419415201,0.14,62384,1
1419418802,0.54,251664,4
1419422401,0,0,0
1419426002,0.65,314080,5
1419429601,0.67,376992,6
1419433202,0.81,377552,6
1419436802,0.53,251680,4
1419440402,1.59,818032,13
1419444002,3.1,1501680,24
1419447604,8.88,2929792,54
1419451202,3.38,1567808,25
1419454802,4.84,2382736,38
1419458402,3.57,1623776,26
1419462001,1.39,690032,11
1419465601,4.57,2439168,39
1419469202,2.87,1436016,23
1419472801,0.63,314048,5
1419476402,0.43,249536,4
1419480002,0.96,502288,8
1419483603,0.66,314592,5
1419487211,1.99,1005184,16
1419490802,4.44,2247744,36
1419494403,6.27,1381742,105
1419498001,2.69,1320128,21
1419501602,1.35,686784,11
1419505202,0.97,499600,8
1419508802,0.5,250608,4
1419512402,0.26,125856,2
1419516002,0.4,250080,4
1419519602,0.21,124768,2
1419523202,2.32,1124656,18
1419526802,0.77,377008,6
1419530402,1.04,564192,9
1419534002,1.16,627648,10
1419537602,1.35,628352,10
1419541202,0.45,250640,4
1419544802,6.87,3497712,56
1419548402,2.2,1186976,19
1419552002,0.5,250624,4
1419555601,2.71,1504864,24
1419559202,4.25,2250912,36
1419562802,6.47,3065312,49
1419566401,14.63,3865978,74
1419570002,1.74,815392,13
1419573602,1.22,566320,9
1419577202,2.71,1321360,21
1419580802,7.61999999999999,1571472,100
1419584403,4.16,2284336,40
1419588002,1.26,628112,10
1419591603,0.59,314048,5
1419595202,0.37,188736,3
1419598803,0.37,188208,3
1419602403,0.24,125296,2
1419606002,0.59,314064,5
1419609602,2.34,752832,12
1419613202,1.67,877200,14
1419616801,4.71,2315968,37
1419620402,1.55,815904,13
1419624003,4.69,2314400,37
1419627602,5.9,3004912,48
1419631202,3.72,1879792,30
1419634802,4.12,2004448,32
1419638402,4.27,2006224,32
1419642002,2.22,1170704,20
1419645602,26.03,6299898,116
1419649202,24.81,7528464,130
1419652801,3.03,1629104,26
1419656401,2.43,1192400,19
1419660002,1.63,825792,14
1419663602,1.99,1172816,20
1419667205,0.83,438832,7
1419670802,9.53999999999999,1967301,128
1419674402,0.26,125312,2
1419678002,1.58,439296,7
1419681602,0.34,187680,3
1419685202,0.63,312976,5
1419688802,0,0,0
1419692402,0.9,439904,7
1419696002,1.13,627552,10
1419699602,2.38,815760,13
1419703202,2.8,1004784,16
1419706801,1.68,817984,13
1419710402,2.74,1005104,16
1419714002,1.53,812064,13
1419717601,1.06,502880,8
1419721202,2.97,1569920,25
1419724801,14.03,4664064,82
1419728401,8.38,3102208,53
1419732002,0.99,502864,8
1419735602,1.09,627120,10
1419739202,2.58,1376832,22
1419742802,13.41,5875040,94
1419746402,12.09,6118592,98
1419750002,2.5,1256864,20
1419753602,1.55,879856,14
1419757203,8.31,1605510,101
1419760802,1.36,687904,11
1419764401,1.31,687344,11
1419768002,0.72,375424,6
1419771602,0.52,250608,4
1419775202,0.24,124768,2
1419778802,0,0,0
1419782402,0.55,313536,5
1419786002,3.59,1814256,29
1419789602,2.58,1314992,21
1419793202,3.31,1632256,26
1419796802,1.52,753472,12
1419800402,7,3314192,53
1419804002,1.93,1062272,17
1419807601,0.99,502880,8
1419811202,4.68,2436400,39
1419814802,1.72,877776,14
1419818402,1.25,629232,10
1419822002,2.09,1131056,18
1419825602,5.53,2758768,44
1419829201,6.6,3005488,48
1419832802,5.51,2692480,43
1419836402,2.02,1003024,16
1419840002,1.59,754016,12
1419843604,10.67,2309942,120
1419847203,1.46,627600,10
1419850802,0.6,314640,5
1419854403,2.06,626960,10
1419858002,0.56,312480,5
1419861602,1.91,875616,14
1419865202,0.76,377568,6
1419868802,1.93,878416,14
1419872402,5.82,2756352,44
1419876002,4.42,2198048,35
1419879602,11.05,5444000,87
1419883202,8.43,4199920,67
1419886801,10.58,5251040,84
1419890401,7.65,3941360,63
1419894002,4.13,2003472,32
1419897602,5.6,1940128,31
1419901202,2,999872,16
1419904801,2.31,1129440,18
1419908402,9.96,4998288,80
1419912002,11.53,3643530,68
1419915601,12.51,6278048,101
1419919203,14.65,7370608,118
1419922803,6.66,1979728,32
1419926402,2.99,1253600,20
1419930001,10.05,1283225,117
1419933602,1.89,937952,15
1419937202,1.11,573956,10
1419940802,0.11,62928,1
1419944402,0.37,187696,3
1419948002,0.12,62912,1
1419951602,1.36,690592,11
1419955202,2.17,1064352,17
1419958802,3.68,1816896,29
1419962402,16.04,4959322,89
1419966002,16.23,5430810,98
1419969602,6.08,2823072,45
1419973201,6.16,3062032,49
1419976802,3.2,1504288,24
1419980402,2.76,1315552,21
1419984002,3.81,2063216,33
1419987602,4.76,1824816,31
1419991202,5.81,2935072,47
1419994802,15.42,4485178,85
1419998401,18.5,3035488,60
1420002002,21.55,4679152,80
1420005604,41.29,5449568,97
1420009202,55.13,8099530,153
1420012803,2.18,681552,13
1420016403,0.52,251712,4
1420020002,9.32999999999999,1319166,116
1420023602,0.11,62384,1
1420027202,0.23,125856,2
1420030801,0.37,188224,3
1420034402,0.69,314080,5
1420038003,0.62,313536,5
1420041602,1.77,812704,13
1420045202,8.77,4432016,71
1420048802,19.38,4169002,77
1420052403,20.18,3676074,69
1420056002,7.85,2011984,35
1420059601,32.86,13035626,223
1420063202,13.88,7243600,116
1420066802,8.65,2835540,56
1420070401,4.02,2061296,33
1420074002,3.78,2001808,32
1420077602,2.25,1190800,19
1420081202,2.62,1439280,23
1420084802,0.91,500736,8
1420088402,2.06,1000384,16
1420092058,0.99,563120,9
1420095603,0.62,313008,5
1420099202,0.72,376992,6
1420102802,0.46,251712,4
1420106402,8.3,1750051,121
1420110002,0.76,436784,7
1420113602,0.4,188784,3
1420117201,0.13,62928,1
1420120802,0.7,374880,6
1420124402,0,0,0
1420128002,1.98,1003568,16
1420131601,0.45,250624,4
1420135202,1.66,877744,14
1420138802,2.06,1067024,17
1420142402,2.39,1251584,20
1420146002,3.3,1692448,27
1420149602,3.43,1814176,29
1420153201,11.7,3097050,63
1420156802,21.52,5092464,86
1420160402,1.23,565408,9
1420164002,4.67,2373104,38
1420167602,2.77,1441904,23
1420171202,9.07,2960314,55
1420174802,28.18,6788096,118
1420178402,11.86,3628336,62
1420182002,4.23,1593520,27
1420185603,2.23,1005344,16
1420189202,0.78,375920,6
1420192802,1.37,687872,11
1420196402,8.34999999999999,1215238,106
1420200003,0.37,188240,3
1420203602,0.47,249568,4
1420207202,0.79,375424,6
1420210802,2.59,1314496,21
1420214402,3.1,1565104,25
1420218002,0.78,376464,6
1420221602,6.87,3381856,54
1420225202,4.57,2135376,34
1420228803,6.06,3005376,48
1420232402,6.31,3001776,48
1420236002,2.99,1445104,23
1420239602,5.17,2192768,35
1420243202,3.79,1821040,29
1420246801,2.61,1192368,19
1420250402,2.68,1252656,20
1420254002,5.59,2752672,44
1420257602,5.27,2497824,40
1420261202,9.62,4436784,71
1420264802,7.56,3755872,60
1420268402,2.95,1193056,19
1420272003,7.17,3375088,54
1420275602,3.91,1567280,25
1420279202,0.59,251152,4
1420282801,10.72,1565826,108
1420286402,0.27,125312,2
1420290002,0.11,62928,1
1420293603,0.25,125280,2
1420297202,0.41,188768,3
1420300804,1.55,688928,11
1420304402,3.27,1501648,24
1420308003,2.07,1003552,16
1420311603,2.87,943344,15
1420315202,2.48,1191776,19
1420318803,3.86,1630176,26
1420322402,3.58,1632832,26
1420326002,5.11,2317600,37
1420329602,3.35,1629200,26
1420333203,16.72,3576346,69
1420336802,15.05,4590912,76
1420340402,8.35,4187744,67
1420344002,7.63,3503776,56
1420347602,2.87,1251360,20
1420351202,4.03,2070592,33
1420354802,18.36,4227674,80
1420358403,33.54,6430688,118
1420362002,30.19,8241984,148
1420365602,1.12,601008,10
1420369202,9.59999999999999,1995531,125
1420372802,0,0,0
1420376402,0.11,62928,1
1420380002,0,0,0
1420383602,0.85,439904,7
1420387202,0.6,313488,5
1420390802,2.6,1253168,20
1420394402,4.24,2189104,35
1420398002,2.08,1004144,16
1420401602,9.37,4128496,66
1420405203,4.29,1944736,31
1420408802,3.5,1692208,27
1420412402,4.68,2379600,38
1420416002,6.76,3374832,54
1420419602,36.07,7949860,150
1420423202,19.65,6138762,105
1420426803,36.39,6235930,112
1420430402,19.61,4934202,94
1420434003,10.55,4786928,77
1420437602,13.82,3147850,57
1420441202,8.8,2726768,46
1420444803,9.42,4125488,66
1420448403,3.89,1876432,30
1420452002,1.94,814832,13
1420455603,0.13,62384,1
1420459203,12.74,1524075,121
1420462803,0.71,313552,5
1420466402,0.67,313024,5
1420470001,2.84,1248912,20
1420473602,3.41,1504880,24
1420477203,9,4319168,69
1420480802,9.25,4253504,68
1420484402,14.62,6571024,105
1420488003,8.12,3572304,57
1420491603,30.63,7132474,132
1420495202,41.42,7333232,137
1420498802,6.46,2889280,46
1420502402,7.71,3692576,59
1420506002,4.3,2067552,33
1420509602,6.44,2854080,46
1420513202,3.14,1507552,24
1420516802,20.13,7387658,133
1420520403,16.86,3979792,70
1420524003,13.57,3631888,62
1420527602,19.86,9552992,153
1420531202,10.65,5187584,83
1420534802,2.43,1187104,19
1420538403,5.83,2622352,42
1420542003,0.26,125296,2
1420545602,12.95,1584023,110
1420549203,1.29,564176,9
1420552802,9.11,4185328,67
1420556402,3.21,1502768,24
1420560003,6.64,3072480,49
1420563603,16.94,3260058,63
1420567202,23.86,6981626,121
1420570802,6.93,3009456,48
1420574402,12.9,5756848,92
1420578003,5.8,2696736,43
1420581602,12.54,5692784,91
1420585202,7.56,3319904,53
1420588802,11.8,4580618,81
1420592402,49.46,6161776,111
1420596002,8.19,3773232,61
1420599602,24.98,3853066,70
1420603202,24.73,3744538,72
1420606804,60.8,9231920,164
1420610403,28.8,4168416,71
1420614002,35.01,4760794,89
1420617602,4.31,1998720,32
1420621203,2.16,938784,15
1420624802,0.7,313584,5
1420628402,0.13,62896,1
1420632002,13.47,1937059,124
1420635602,0.77,313040,5
1420639202,1.81,814784,13
1420642802,1.92,878768,14
1420646402,5.48,2444464,39
1420650003,4.99,2258352,36
1420653603,7.84,3195312,51
1420657202,6.49,2767584,44
1420660803,6.01,2700032,43
1420664402,4.13,1818560,29
1420668002,2.83,1257632,20
1420671603,4.41,2073296,33
1420675202,5.65,2446432,39
1420678802,12.18,5379376,86
1420682402,16.87,3753434,71
1420686003,23.29,5717728,102
1420689602,4.11,2011472,32
1420693202,2.92,1380128,22
1420696828,3.97,1881424,30
1420700403,1.52,691088,11
1420704002,2.09,877216,14
1420707602,0.78,348816,6
1420711202,0.86,482816,9
1420714803,0.5,251136,4
1420718402,11.27,1196043,112
1420722002,0.37,188784,3
1420725602,0.68,313008,5
1420729203,1.78,817424,13
1420732802,4.11,1882864,30
1420736402,285.019999999997,116484752,1866
1420740002,23.25,10001872,160
1420743603,7.16,3260848,52
1420747202,5.84,2513168,40
1420750802,3.86,1759696,28
1420754402,4.06,1883440,30
1420758002,3.07,1444576,23
1420761602,3.44,1632784,26
1420765202,3.04,1446384,23
1420768802,1.87,943344,15
1420772403,4.71,2200352,35
1420776002,2.06,1006768,16
1420779603,5.37,2554992,45
1420783203,11.16,4727088,78
1420786803,3.38,1507712,24
1420790403,2.56,879248,14
1420794002,1.11,474672,8
1420797602,0.62,356960,7
1420801201,1.61,752944,12
1420804802,13.4,1275611,117
1420808402,0.57,250096,4
1420812002,1.16,502848,8
1420815602,1.83,877168,14
1420819202,1.77,754080,12
1420822803,4.76,2073808,33
1420826402,5.54,2328128,37
1420830003,4.27,1885552,30
1420833601,4.09,1887744,30
1420837202,18.04,7811152,125
1420840802,4.17,1884016,30
1420844403,0.74,376480,6
1420848002,1.61,753488,12
1420851602,2.36,1131040,18
1420855202,5.15,2510576,40
1420858803,3.51,1691728,27
1420862402,3.91,1883648,30
1420866003,6.71,3279472,54
1420869602,5.23,2474768,42
1420873203,2.5,1130640,18
1420876803,0.99,502864,8
1420880403,1.1,503392,8
1420884003,0.38,187152,3
1420887602,0.59,312464,5
1420891202,11.77,1804417,110
1420894802,0.4,187152,3
1420898402,0.41,187728,3
1420902002,1.46,690048,11
1420905602,2.44,1253184,20
1420909202,3.14,1504256,24
1420912802,2.89,1382784,22
1420916402,3.46,1694688,27
1420920002,2.19,1067504,17
1420923602,3.64,1760784,28
1420927202,2.94,1444656,23
1420930802,3.01,1067104,17
1420934402,2.17,1069168,17
1420938002,2.04,944048,15
1420941601,2.28,1068688,17
1420945202,1.93,944080,15
1420948802,2.44,1195584,19
1420952402,3.74,1821600,29
1420956002,3.83,1821520,29
1420959603,1.94,943328,15
1420963202,1.61,813712,13
1420966803,1.68,815856,13
1420970402,1.4,749680,12
1420974002,0.61,313008,5
1420977604,0,0,0
1420981202,11.36,1372062,93
1420984802,1.32,565968,9
1420988402,1.03,502848,8
1420992002,1.56,754032,12
1420995602,1.65,815360,13
1420999202,2.73,1382208,22
1421002803,5.18,1761424,28
1421006401,4.86,2265216,36
1421010002,2.74,1214368,20
1421013602,2.41,1195040,19
1421017202,2.31,1132112,18
1421020802,2.15,1068096,17
1421024401,2.19,1005168,16
1421028002,2.9,1380592,22
1421031602,1.65,816384,13
1421035202,3.16,1446224,23
1421038802,4.93,2386208,38
1421042403,3.33,1570992,25
1421046002,3.23,1572064,25
1421049602,1.76,815296,13
1421053203,0.36,187696,3
1421056802,1.58,752368,12
1421060403,0.98,437776,7
1421064002,0.51,250624,4
1421067602,10.54,995024,87
1421071202,0.92,376464,6
1421074802,1.51,690560,11
1421078403,3.42,1443968,23
1421082002,5.11,1886656,30
1421085603,5.35,2325680,37
1421089202,5.58,2515328,40
1421092802,5.54,2516496,40
1421096402,7.21,3270464,52
1421100002,3.55,1570048,25
1421103602,5.44,2578512,41
1421107202,4.08,1887904,30
1421110802,8.3,4024416,64
1421114402,5.45,2703200,43
1421118002,4.58,2323840,37
1421121602,6.22,2829440,45
1421125203,5.11,2451392,39
1421128803,5.72,2827248,45
1421132403,4,1822832,29
1421136003,2.99,1442368,23
1421139603,2.6,1255840,20
1421143202,0.76,377008,6
1421146803,0.12,62384,1
1421150402,0.61,313520,5
1421154002,18.84,2012184,127
1421157602,0.88,377024,6
1421161202,1.37,628176,10
1421164802,2.98,1256352,20
1421168402,2.54,1132128,18
1421172003,6.39,2893968,46
1421175602,5.74,2577728,41
1421179202,5.67,2200688,35
1421182802,5.05,2264288,36
1421186402,3.79,1823712,29
1421190003,5.21,2516464,40
1421193602,5.5,2326208,37
1421197202,3.28,1572048,25
1421200801,4.97,2450832,39
1421204402,7.96,3585248,58
1421208002,4.33,2039376,33
1421211602,6.64,3088848,50
1421215203,4.2,1976048,32
1421218803,2.13,988160,16
1421222403,1.56,740864,12
1421226003,0.86,432768,7
1421229603,0.26,123136,2
1421233202,0.4,184448,3
1421236802,0.27,123136,2
1421240403,14.05,1678448,110
1421244001,1.18,553856,9
1421247603,1.43,617216,10
1421251202,3.97,1790336,29
1421254802,5.19,2346240,38
1421258403,4.75,2099968,34
1421262002,6.59,3150464,51
1421265603,6.08,2780544,45
1421269203,5,2039888,33
1421272802,3.37,1543552,25
1421276403,6.69,3211776,52
1421280002,3.66,1729296,28
1421283602,3.76,1792384,29
1421287202,5.32,2532256,41
1421290802,4.39,2099968,34
1421294402,4.49,2354976,39
1421298002,5.32,2558880,44
1421301602,44.19,8201264,136
1421305202,25.39,1163038,23
1421308803,0.94,502272,9
1421312403,1.15,555904,9
1421316002,0.33,184960,3
1421319602,0.47,245792,4
1421323203,0.78,370432,6
1421326802,14.16,1387585,127
1421330402,2.6,1169536,19
1421334003,3.54,1605072,26
1421337603,3.81,1852672,30
1421341202,3.84,1791360,29
1421344802,4.88,2225664,36
1421348402,5.76,2596608,42
1421352003,4.56,2039408,33
1421355602,3.1,1420960,23
1421359202,2.68,1235456,20
1421362803,5.35,2531232,41
1421366402,4.39,2040400,33
1421370002,3.7,1730768,28
1421373602,2.47,1174144,19
1421377202,4.73,2283936,37
1421380803,3.39,1605824,26
1421384402,2.68,1297488,21
1421388014,4.78,1732336,28
1421391602,3.89,1749472,30
1421395203,1.62,616704,10
1421398802,0.7,370432,6
1421402402,0.69,370432,6
1421406002,0.39,184960,3
1421409602,0.49,246272,4
1421413202,12.23,1420392,106
1421416802,1.21,493056,8
1421420402,2.23,935596,16
1421424002,2.5,1173120,19
1421427602,1.95,986112,16
1421431203,5.46,2531712,41
1421434802,3.76,1791360,29
1421438402,4.3,2108160,35
1421442002,3.05,1297904,21
1421445602,7.84,2104544,34
1421449203,4.07,1916032,31
1421452803,4.25,2035072,33
1421456402,1.44,679040,11
1421460002,5.14,2472960,40
1421463602,1.77,865024,14
1421467202,3.02,1359104,22
1421470802,1.99,988192,16
1421474404,3.26,1663136,27
1421478003,1.77,801152,13
1421481602,0.82,431232,7
1421485202,1.04,494080,8
1421488802,1.37,677504,11
1421492402,0.14,61824,1
1421496002,0.36,185472,3
1421499602,12.9,1510067,121
1421503201,0.82,431744,7
1421506802,2.5,1113040,18
1421510402,2.69,987664,16
1421514002,1.72,801664,13
1421517602,2.87,1419936,23
1421521202,1.49,741888,12
1421524802,2.05,1059200,18
1421528402,3.65,2408496,48
1421532001,1.5,1102816,23
1421535603,0.97,494080,8
1421539202,12.82,2656992,43
1421542802,1.28,679552,11
1421546403,1.94,1049472,17
1421550002,2.59,1296768,21
1421553602,1.84,925824,15
1421557202,2,988672,16
1421560803,1.03,555904,9
1421564402,1.98,1048960,17
1421568003,0.48,246784,4
1421571602,0.64,308608,5
1421575203,0.35,184448,3
1421578802,1.7,864000,14
1421582402,0.68,368896,6
1421586004,9.84999999999999,1130413,99
1421589605,0.68,308608,5
1421593202,0.32,184960,3
1421596802,1.05,554880,9
1421600401,2.59,1235456,20
1421604002,1.62,803200,13
1421607603,3.1,1483296,24
1421611202,2.43,1233408,20
1421614802,2.82,1359616,22
1421618404,3.41,1668224,27
1421622002,2.95,1421440,23
1421625602,2.67,1298304,21
1421629202,2.63,1298304,21
1421632802,2.63,1368832,23
1421636402,3.94,2092352,36
1421640002,3.1,1544064,25
1421643603,81.21,12484544,202
1421647203,20.32,4072816,66
1421650803,2.17,989184,16
1421654403,0.48,246784,4
1421658002,0.25,123648,2
1421661602,1.52,741888,12
1421665202,0.74,370944,6
1421668802,0.48,246784,4
1421672402,13.21,1452949,120
1421676003,0.41,185472,3
1421679602,1.82,864000,14
1421683202,2.4,927360,15
1421686803,4.46,2040240,33
1421690402,11.7,2718192,44
1421694002,5.15,2349312,38
1421697603,4.88,2346752,38
1421701202,4.85,2285952,37
1421704802,5.28,2347776,38
1421708402,6.18,3028864,49
1421712002,6.61,2474448,40
1421715603,4.79,2349312,38
1421719202,4.69,2225152,36
1421722802,4.41,2418416,43
1421726402,4.49,2400096,44
1421730002,1.08,652544,14
1421733604,3.39,1763840,32
1421737202,1.44,616704,10
1421740802,3.03,1295744,21
1421744402,0.83,369920,6
1421748003,0,0,0
1421751603,1.02,494080,8
1421755202,0.22,123136,2
1421758803,15.81,1370163,127
1421762402,2.62,1171072,19
1421766003,2.1,926848,15
1421769603,4.71,2102016,34
1421773202,4.65,2102016,34
1421776803,5.25,2286464,37
1421780402,4.53,2099968,34
1421784002,4.11,1915008,31
1421787602,5.41,2471424,40
1421791203,3.81,1792896,29
1421794802,4.17,1978368,32
1421798402,3.33,1545088,25
1421802003,5.3,2657920,43
1421805602,3.38,1544576,25
1421809203,1.73,865024,14
1421812801,6.41,2473792,40
1421816403,6.31,1853744,30
1421820003,8.27,2466116,58
1421823604,2.16,1094464,19
1421827202,9.71,1680070,38
1421830801,0.59,247296,4
1421834402,0.24,123136,2
1421838003,0.62,307072,5
1421841602,0.14,61824,1
1421845203,15.22,1312447,130
1421848802,1.28,555904,9
1421852402,2.15,988672,16
1421856002,2.25,927360,15
1421859603,2.92,1236480,20
1421863202,3.84,1730560,28
1421866803,51.07,11461172,255
1421870402,8.07,3057200,53
1421874002,2,927360,15
1421877602,6.7,3028352,49
1421881202,2.67,1295744,21
1421884801,3.77,1853696,30
1421888402,3.24,1545600,25
1421892002,13.89,3815342,97
1421895603,5.6,2244548,54
1421899202,4.04,1915008,31
1421902802,6.07,2902656,47
1421906438,3.62,1606912,26
1421910002,1.79,865024,14
1421913605,1.41,678528,11
1421917203,0.73,369920,6
1421920802,0.12,61824,1
1421924402,1.54,802176,13
1421928002,0.49,246272,4
1421931602,12.58,1306248,104
1421935202,1.78,801152,13
1421938803,1.91,803200,13
1421942403,3.83,1668736,27
1421946003,3.44,1605376,26
1421949603,175.34,19227600,311
1421953203,237.25,22922464,371
1421956803,20.86,4135632,67
1421960403,4.64,2225664,36
1421964002,3.7,1668736,27
1421967603,2.56,1174656,19
1421971202,3.78,1854208,30
1421974802,3.96,2040192,33
1421978402,3.61,1791872,29
1421982002,2.64,1298304,21
1421985602,3.53,1731072,28
1421989203,20.31,3515216,57
1421992804,3.39,1631035,37
1421996403,55.6,7094212,191
1422000004,2.98,1296256,21
1422003603,3.72,2128016,40
1422007202,0.31,123648,2
1422010802,0,0,0
1422014402,0.13,61824,1
1422018003,14.87,1614635,131
1422021602,2.82,1418880,23
1422025202,1.04,556416,9
1422028802,2.84,1359616,22
1422032402,4.1,1977344,32
1422036002,4.46,2101504,34
1422039602,6.11,2348800,38
1422043202,6.69,2411520,39
1422046802,2.44,1112832,18
1422050403,15.71,3268400,53
1422054003,4.45,2101504,34
1422057602,3.45,1730048,28
1422061202,2.16,1112320,18
1422064803,2.19,1112832,18
1422068402,2.07,988672,16
1422072002,3.14,1234832,20
1422075602,2.36,1236480,20
1422079202,1.74,926336,15
1422082803,0.83,431744,7
1422086403,1.37,739840,12
1422090004,0.57,308096,5
1422093602,1.69,859392,14
1422097203,1.15,613632,10
1422100802,0.68,308608,5
1422104402,10.53,1250126,115
1422108002,0.54,246272,4
1422111602,1.22,617728,10
1422115202,0.77,370432,6
1422118802,2.25,1111808,18
1422122403,1.24,617728,10
1422126002,1.61,803200,13
1422129601,1.83,927360,15
1422133202,2.17,1051008,17
1422136802,1.32,679552,11
1422140402,25.88,5309040,86
1422144003,91.93,5702144,91
1422147602,6.36,1480960,24
1422151202,1.83,925824,15
1422154803,1.21,618240,10
1422158403,0.91,494080,8
1422162002,2.32,1112832,18
1422165603,28.97,4316496,70
1422169203,14.23,2218080,36
1422172803,3.82,1976320,32
1422176402,0.8,370944,6
1422180003,0.4,185472,3
1422183603,0.26,123136,2
1422187203,0.25,123648,2
1422190802,9.12,1624214,101
1422194403,0.49,247296,4
1422198003,0.25,123136,2
1422201603,0.36,185472,3
1422205202,1.37,680064,11
1422208802,5.04,1422656,23
1422212402,2.74,1111968,18
1422216002,2.66,1359104,22
1422219603,3.38,1728512,28
1422223203,2.66,1298304,21
1422226803,66.87,9562784,155
1422230403,119.88,15601360,253
1422234002,122.54,16070592,261
1422237603,29.19,4565472,74
1422241202,3.88,1854208,30
1422244802,4.46,2037632,33
1422248402,8.37,2718016,44
1422252049,7.95,2098944,34
1422255602,1.06,494592,8
1422259202,0.9,431744,7
1422262803,0.11,61824,1
1422266402,0.38,185472,3
1422270003,0.79,369920,6
1422273602,0.12,61824,1
1422277203,1.33,615680,10
1422280803,12.66,1982265,137
1422284403,0.98,432768,7
1422288004,2.3,1049984,17
1422291602,5.17,2101504,34
1422295203,3.66,1545088,25
1422298802,32.87,5497664,89
1422302403,5.24,2162816,35
1422306003,5.34,1979840,32
1422309602,4.63,1977856,32
1422313202,6.89,2842880,46
1422316802,3.38,1544064,25
1422320403,2.35,989184,16
1422324003,3.75,1668736,27
1422327602,4.35,1977856,32
1422331202,4.43,2039168,33
1422334804,3.75,1607424,26
1422338438,6.3,1543680,25
1422342002,0.7,308608,5
1422345603,1.34,616704,10
1422349202,0.87,431232,7
1422352802,0.27,123136,2
1422356403,0.55,246272,4
1422360003,1.07,492032,8
1422363602,0.4,185472,3
1422367203,15.37,1911124,138
1422370802,4.6,2039168,33
1422374402,4.17,1361056,22
1422378003,4.51,1976832,32
1422381603,4.68,2225152,36
1422385202,4.95,2224128,36
1422388802,4.83,2284928,37
1422392402,3.59,1668736,27
1422396002,4.53,2039168,33
1422399602,5.25,2410624,39
1422403202,4.97,2410112,39
1422406802,4.45,2222080,36
1422410402,4.14,1976320,32
1422414002,4.51,2176896,35
1422417601,7.68,3565792,57
1422421202,5.21,2668624,44
1422424802,36.79,4225168,69
1422428403,1.24,660720,11
1422432003,0.57,532352,12
1422435602,0.45,249344,4
1422439202,0.42,187776,3
1422442803,0.39,187264,3
1422446406,0.36,186752,3
1422450004,0.65,311936,5
1422453602,16.46,1815627,158
1422457202,3.84,1501600,24
1422460802,5.8,2253536,36
1422464402,4.58,2190208,35
1422468002,2.62,1374976,22
1422471602,4.46,2190720,35
1422475202,100.04,14905712,239
1422478802,76.98,9643360,154
1422482402,31.98,3878608,62
1422486002,224.96,6734480,103
1422489602,51.67,5380656,86
1422493202,12.37,2811184,45
1422496802,6.35,3252736,52
1422500402,4.53,1876480,30
1422504002,15.75,3286576,53
1422507603,6.09,2753536,44
1422511226,18.78,5513228,124
1422514805,2.98,1377024,22
1422518403,2.84,1124576,18
1422522002,1.7,873760,14
1422525602,0.89,499712,8
1422529202,0,0,0
1422532801,0.32,186240,3
1422536402,0.51,249856,4
1422540002,16.56,1810291,122
1422543602,2.69,814384,13
1422547202,3.53,1375760,22
1422550802,8.22,2007600,32
1422554403,5.83,2440064,39
1422558002,5.07,2502144,40
1422561602,4.52,2065536,33
1422565202,8.87,3628336,58
1422568802,6.34,2371904,38
1422572402,25.47,5744624,92
1422576001,4.03,1626112,26
1422579602,3.76,1813632,29
1422583202,5.64,2168768,36
1422586802,7.6,4012656,72
1422590402,7.09,3218464,58
1422594002,11.12,4507488,83
1422597603,3.63,2323904,45
1422601203,3.98,1765952,30
1422604803,4.12,386400,6
1422608402,4.49,749568,12
1422612002,4.96,934336,15
1422615602,5.12,560768,9
1422619201,7.42,811392,13
1422622802,3.35,499968,8
1422626402,16.93,1847991,138
1422630003,127.33,13967296,221
1422633602,25.18,4622432,74
1422637202,27.37,4059328,65
1422640801,30.9,4998000,80
1422644402,46.53,6555936,105
1422648002,252.55,31797456,510
1422651602,56.27,8112000,130
1422655202,104.4,14221344,228
1422658802,51.13,7305264,117
1422662402,15.02,3309776,53
1422666002,19.66,2684288,43
1422669602,29.1,4184224,67
1422673202,43.3,4743632,76
1422676802,45.47,4800320,77
1422680402,36.74,5176768,83
1422684007,7.14,2001056,32
1422687602,4.53,1190768,19
1422691202,9.48,1629744,26
1422694802,10.7,1247648,20
1422698402,7.39,748288,12
1422702002,3.98,498432,8
1422705601,10.87,934528,15
1422709202,0.84,436096,7
1422712802,15.82,1931952,114
1422716402,6.39,1123328,18
1422720002,4.35,1249280,20
1422723602,4.48,1251104,20
1422727202,4.13,1626624,26
1422730803,3.06,1439616,23
1422734402,4.9,1322400,21
1422738002,4.49,1124096,18
1422741602,7.68,2374144,38
1422745202,5.3,1751808,28
1422748801,4.64,1375232,22
1422752401,6.17,1436800,23
1422756002,27,4868880,78
1422759601,5.87,1499904,24
1422763202,8.83,2688960,43
1422766803,8.74,2375936,38
1422770403,4.2,1375488,22
1422774002,1.6,813696,13
1422777603,2.39,875520,14
1422781203,3.48,566896,9
1422784802,10.14,1247744,20
1422788402,9.15,872704,14
1422792003,12.3,1059456,17
1422795602,2.02,311936,5
1422799202,13.06,2179594,130
1422802802,4.01,1251328,20
1422806402,3.72,1500928,24
1422810002,1.75,500480,8
1422813602,3.5,1314176,21
1422817202,3.12,1563776,25
1422820801,4.53,1692992,27
1422824402,5.81,2258032,36
1422828001,3.81,937088,15
1422831602,3.62,1748992,28
1422835202,5.82,1999680,32
1422838802,5.16,1749248,28
1422842401,3.43,1436800,23
1422846002,3.09,1187456,19
1422849602,3.8,2000896,32
1422853202,4.91,2063232,33
1422856823,2.89,1437568,23
1422860403,3.71,816240,13
1422864002,6.52,1751088,28
1422867602,2.05,686720,11
1422871203,0.92,436608,7
1422874802,2.57,498688,8
1422878402,1.08,500224,8
1422882003,0.77,374528,6
1422885603,11.58,1412386,106
1422889203,2.16,1062016,17
1422892802,5.9,1935232,31
1422896401,5.01,2063744,33
1422900002,4.27,1875456,30
1422903602,8.34,2817664,45
1422907203,4.68,2190720,35
1422910803,9.66,3697344,59
1422914402,6.15,2127104,34
1422918002,5.76,2688896,43
1422921602,8.83,3438736,55
1422925202,8.41,2502144,40
1422928802,6.61,2501888,40
1422932402,8.59,2938240,47
1422936002,6.89,2878208,46
1422939602,64.89,7742992,124
1422943218,382.25,28919088,464
1422946802,35.79,4435504,71
1422950403,45.8,3927232,63
1422954002,1.18,561280,9
1422957602,1.02,499200,8
1422961202,0.5,249344,4
1422964802,2.51,565872,9
1422968403,2.6,374016,6
1422972002,20.34,2363176,121
1422975602,120.26,14232080,228
1422979204,149.17,17475936,280
1422982802,145.91,17414928,279
1422986403,145.52,17102816,274
1422990003,140.9,17859760,286
1422993603,188.72,20167984,323
1422997202,132.33,18355504,294
1423000803,153.13,19035520,305
1423004403,137.45,17540160,281
1423008002,125,16852464,270
1423011602,96.23,13609536,218
1423015202,7.97,3002832,48
1423018802,7.71,2125440,34
1423022403,61.36,6986832,112
1423026003,10.89,5194624,83
1423029641,17.15,8322176,133
1423033202,5.72,1693024,27
1423036802,2.63,811648,13
1423040402,0.26,125184,2
1423044002,4,1560160,25
1423047601,3.7,820208,13
1423051203,2.35,562496,9
1423054802,7.16,1185344,19
1423058403,4.67,999424,16
1423062003,117.5,14480656,232
1423065603,141.13,17354432,278
1423069203,119.52,15294480,245
1423072803,133.62,16104032,258
1423076402,134.54,17353728,278
1423080002,140.43,18673824,299
1423083602,133.87,16977088,272
1423087202,132.32,16669920,267
1423090802,94.43,13986384,224
1423094402,141.77,19788704,317
1423098002,43.53,7688128,123
1423101601,6.02,2439232,39
1423105201,9.12,3563360,57
1423108802,10.92,2940512,47
1423112402,10.29,3751488,60
1423116003,23.96,3280230,131
1423119604,4.65,1192816,19
1423123203,2.65,999936,16
1423126803,2.58,874208,14
1423130403,0.49,249344,4
1423134002,2,935808,15
1423137601,2.14,255024,4
1423141202,0.87,437120,7
1423144801,1.6,750080,12
1423148402,92.31,11304416,181
1423152002,3.76,1375168,22
1423155602,5.27,1813632,29
1423159203,7.1,2438208,39
1423162802,5.84,2564736,41
1423166402,6.83,3190656,51
1423170002,7.31,2689296,43
1423173601,6.18,2753536,44
1423177202,6.09,2879232,46
1423180802,4.48,2190720,35
1423184403,6.17,2940288,47
1423188002,6.55,3190656,51
1423191602,3.53,1752064,28
1423195201,5.89,2941312,47
1423198802,8.85,2879120,46
1423202410,27.67,2823114,128
1423206003,3.38,1687424,27
1423209602,1.69,812160,13
1423213203,3,1500160,24
1423216803,0,0,0
1423220402,0.91,436160,7
1423224002,0.13,62592,1
1423227602,1.81,935808,15
1423231202,1.74,873216,14
1423234802,2.01,1000448,16
1423238402,3.41,1563264,25
1423242002,4.53,1814336,29
1423245602,4.5,2002944,32
1423249202,5.02,2315392,37
1423252802,6.54,3065984,49
1423256402,4.38,2128160,34
1423260002,6.19,2941312,47
1423263602,5.29,2563200,41
1423267202,5.24,2627840,42
1423270802,4.68,2190720,35
1423274401,4.48,2189184,35
1423278002,4.31,2248192,36
1423281602,3.68,1877760,30
1423285202,3.04,1438592,23
1423288802,1.95,1000448,16
1423292402,14.13,2470202,99
1423296003,1.35,623872,10
1423299602,1.02,499712,8
1423303202,0.54,249344,4
1423306802,0,0,0
1423310402,0.6,311424,5
1423314003,0.13,62592,1
1423317602,1.04,500224,8
1423321201,0.98,500736,8
1423324802,1.06,500736,8
1423328402,1.64,813696,13
1423332002,3.6,1752064,28
1423335602,2.15,1126656,18
1423339202,2.14,1126144,18
1423342806,3.45,1689984,27
1423346402,4.69,1318336,21
1423350002,4.62,2314880,37
1423353602,1.9,938912,15
1423357202,5.06,1690560,27
1423360802,3.87,1999360,32
1423364402,3.08,1563776,25
1423368002,1.67,813696,13
1423371602,19.19,8949632,143
1423375202,6.11,3004416,48
1423378802,17.97,2928748,118
1423382402,1.98,937856,15
1423386006,0.73,374528,6
1423389601,0.49,250368,4
1423393202,0.51,249344,4
1423396802,0.45,249344,4
1423400404,0.59,312960,5
1423404003,0.49,249344,4
1423407602,2.44,1244736,20
1423411203,2.02,997888,16
1423414802,1.18,563328,9
1423418401,3.74,1813632,29
1423422002,3.27,1687424,27
1423425604,5.33,1945312,31
1423429202,2.28,1188224,19
1423432802,4.62,2312832,37
1423436402,3.79,1937280,31
1423440003,4.61,2375424,38
1423443602,3.37,1689472,27
1423447202,5.06,1875344,30
1423450802,4.56,2313856,37
1423454401,5.18,2565760,41
1423458002,6.15,2753536,44
1423461611,3.81,1688448,27
1423465203,16.47,2124372,117
1423468802,1.28,624384,10
1423472402,1.29,624384,10
1423476003,0.69,310912,5
1423479602,0.5,187776,3
1423483202,0.6,249856,4
1423486802,0.53,249344,4
1423490403,4.06,631504,10
1423494003,3.74,1376000,22
1423497602,2.49,1064064,17
1423501202,5.5,2440064,39
1423504803,5.72,2439040,39
1423508403,5.43,2503680,40
1423512002,5.25,2190720,35
1423515602,5.07,2252800,36
1423519203,12.52,3312464,53
1423522802,4.03,1957440,32
1423526402,14.9,4316736,69
1423530002,4.55,2188160,35
1423533602,5.13,2439552,39
1423537202,5.21,2127104,34
1423540803,5.86,2296096,38
1423544402,25.71,6607984,106
1423548049,5.07,2375424,38
1423551602,3.75,1813120,29
1423555202,16.41,1750095,121
1423558804,0.6,312448,5
1423562403,0.82,374528,6
1423566003,0.5,248832,4
1423569603,0.78,373504,6
1423573203,0.75,373504,6
1423576802,1.45,688512,11
1423580402,2.75,1250304,20
1423584002,7.82,2694848,43
1423587602,7.96,2813136,45
1423591202,95.77,13923872,223
1423594802,4.92,2315392,37
1423598402,7.57,3378432,54
1423602003,6.99,3067008,49
1423605603,5.17,2311296,37
1423609202,5.84,1942400,31
1423612802,6.46,3003392,48
1423616403,4.46,2063488,33
1423620003,4.25,2002944,32
1423623602,7.46,3628288,58
1423627202,5.86,2877696,46
1423630802,4.59,2127104,34
1423634406,3.19,1501696,24
1423638003,3.95,1812096,29
1423641603,19.54,2262058,143
1423645203,0.99,437120,7
1423648802,1.38,686976,11
1423652403,0.5,249344,4
1423656003,0.56,312960,5
1423659602,0.6,312448,5
1423663202,1.49,750080,12
1423666804,2.04,937856,15
1423670402,4.05,1499648,24
1423674003,5.12,1939840,31
1423677604,7.31,3189120,51
1423681204,6.68,2378304,38
1423684803,8.13,3070416,49
1423688402,5.5,2564224,41
1423692003,6.97,2938240,47
1423695602,7.41,2695168,43
1423699202,5.62,2564736,41
1423702802,5.75,2753024,44
1423706402,4.01,1875200,30
1423710002,5.25,2625280,42
1423713602,4.49,2190208,35
1423717202,11.58,4565184,73
1423720862,5.27,2190208,35
1423724408,2.86,1189248,19
1423728004,16.59,1454752,110
1423731602,0.89,437120,7
1423735202,0.64,311936,5
1423738802,0.12,62592,1
1423742403,0.47,187264,3
1423746003,1.16,563328,9
1423749603,2.1,938368,15
1423753202,1.56,751104,12
1423756802,5.55,2063936,33
1423760402,3.52,1439104,23
1423764003,6.99,2443456,39
1423767602,3.83,1814144,29
1423771202,6.21,2502144,40
1423774802,8.03,2940752,47
1423778402,7.83,2694848,43
1423782002,8.57,3129600,50
1423785602,4.84,2127616,34
1423789203,5.56,2439040,39
1423792802,8.58,2873104,46
1423796401,18.37,3431232,55
1423800002,5.36,2439040,39
1423803602,4.84,2127104,34
1423807203,4.29,1939840,31
1423810802,1.55,687488,11
1423814402,14.03,1434568,106
1423818003,0.96,436608,7
1423821602,1.58,623360,10
1423825202,0.93,435072,7
1423828802,1.38,623360,10
1423832402,0.49,248832,4
1423836002,1.8,687488,11
1423839604,3.8,1560704,25
1423843202,3,1125632,18
1423846803,4.24,1751104,28
1423850402,8.27,2376240,38
1423854002,5.96,2627840,42
1423857602,5.76,2564736,41
1423861202,3.48,1564288,25
1423864801,2.68,1250304,20
1423868403,4,1502208,24
1423872002,3.17,1439104,23
1423875602,3.61,1564800,25
1423879202,2.67,1189248,19
1423882802,3.56,1688448,27
1423886402,2.52,1188736,19
1423890003,2.5,1126144,18
1423893630,61.41,7556928,121
1423897203,180.47,13960992,224
1423900803,11.66,1693680,27
1423904402,14.23,2114702,117
1423908002,0.82,373504,6
1423911602,1.1,498176,8
1423915202,0.24,125184,2
1423918802,1.47,686528,11
1423922402,0.38,186752,3
1423926003,1.06,499200,8
1423929602,1.35,625408,10
1423933202,1.47,686464,11
1423936802,1.51,749056,12
1423940402,2.41,1062528,17
1423944002,3.13,1497600,24
1423947602,3.32,1498624,24
1423951202,2.5,1247744,20
1423954802,3.11,1311360,21
1423958402,3.99,1909488,31
1423962002,1.53,750592,12
1423965603,0.88,437632,7
1423969202,2.38,1126656,18
1423972802,2.12,1063040,17
1423976402,2.09,875776,14
1423980002,3.58,1686912,27
1423983602,2.68,1168574,22
1423987202,2.05,999424,16
1423990803,9.95999999999999,1389140,109
1423994402,0.26,124160,2
1423998002,2.71,378928,6
1424001602,0.38,186752,3
1424005202,0.4,186752,3
1424008802,0.39,186240,3
1424012402,0.74,312960,5
1424016003,2.4,1125120,18
1424019602,2.55,1248768,20
1424023202,1.78,813184,13
1424026803,7.28,3182976,51
1424030402,3.77,1688448,27
1424034002,7.69,3689696,60
1424037602,4.29,1974128,32
1424041203,10.72,4977664,80
1424044802,3.48,1563776,25
1424048402,4.85,2251776,36
1424052002,4.99,2253312,36
1424055602,5.96,2751488,44
1424059202,8.07,2879552,46
1424062802,5.72,2562176,41
1424066410,6.17,2811008,45
1424070002,6.77,2956640,49
1424073602,2.42,999936,16
1424077204,17.27,2494973,145
1424080803,1.73,435584,7
1424084402,0.72,372544,6
1424088002,0.47,186752,3
1424091602,1.47,625920,10
1424095203,4.52,819952,13
1424098803,2.48,1001472,16
1424102403,2.84,1063040,17
1424106003,3.22,1251840,20
1424109603,3.8,1563264,25
1424113202,7.12,2877696,46
1424116803,4.69,2002944,32
1424120402,5.31,2252800,36
1424124003,4.26,1751552,28
1424127603,7.06,2815616,45
1424131203,5.95,2441088,39
1424134802,5.7,2439552,39
1424138402,5.6,2440608,39
1424142002,6.63,2816128,45
1424145601,7.28,3251712,52
1424149202,6.61,2814656,45
1424152811,2.88,1312384,21
1424156402,3.93,1750016,28
1424160003,1.11,499200,8
1424163602,1.08,499712,8
1424167202,15.36,1428280,118
1424170802,0.68,62592,1
1424174403,0.82,374528,6
1424178002,1.06,437632,7
1424181603,3.35,378608,6
1424185202,2.9,1313408,21
1424188801,3.76,1562752,25
1424192402,8.77,2816128,45
1424196002,7.54,3001344,48
1424199602,6.17,2690432,43
1424203204,5.56,2312832,37
1424206802,6.54,2815104,45
1424210402,5.15,2190720,35
1424214002,5.86,2690432,43
1424217602,7.26,3376448,54
1424221202,7,3252736,52
1424224802,4.39,2064000,33
1424228402,4.83,2064000,33
1424232002,8.88,3940832,63
1424235603,5.49,2500608,40
1424239205,7.79,3202688,53
1424242803,30.88,13831856,228
1424246403,14.25,6317056,105
1424250002,73.3,7913837,177
1424253602,19.35,1310403,114
1424257202,1.49,686976,11
1424260802,0.28,125184,2
1424264402,4.49,750144,12
1424268002,2.47,625248,10
1424271602,2.54,1063040,17
1424275202,6.38,2254608,36
1424278802,3.25,1377024,22
1424282402,11.22,3879936,62
1424286002,5.1,2190208,35
1424289602,4.88,2127104,34
1424293203,5.75,2626816,42
1424296802,6.62,2690912,43
1424300402,4.72,2125056,34
1424304002,4.62,2002944,32
1424307602,4.93,2249728,36
1424311202,5.77,2313712,37
1424314802,7.17,2001760,32
1424318403,13.7,6231040,100
1424322002,4.31,2002944,32
1424325614,5.33,2252800,36
1424329204,3.65,1625856,26
1424332802,0.89,375552,6
1424336402,5.24,1064928,17
1424340002,0.42,187776,3
1424343602,14.28,1236666,103
1424347202,0.27,124672,2
1424350803,1.01,437632,7
1424354402,1.24,563328,9
1424358003,2.3,938880,15
1424361602,4.39,1939840,31
1424365201,6.84,2006720,32
1424368802,6.24,2748416,44
1424372402,15.08,2630320,42
1424376002,7.2,3129088,50
1424379602,7.33,3190144,51
1424383202,8.18,3250144,52
1424386802,8.26,3628288,58
1424390402,5.48,2314368,37
1424394002,24.65,5144058,83
1424397602,186.69,13973552,224
1424401202,38.39,4618944,74
1424404802,43.77,5429984,87
1424408402,33.12,4496080,72
1424412011,12.72,2811856,45
1424415602,6.01,2252544,36
1424419202,2.8,1250816,20
1424422803,1.1,499712,8
1424426402,0.68,259492,5
1424430002,19.37,1822792,124
1424433602,0.52,249344,4
1424437202,0.64,311424,5
1424440802,0.75,312960,5
1424444403,2.57,1126144,18
1424448002,7.43,1812352,29
1424451603,4.13,1688448,27
1424455203,8.67,3441536,55
1424458803,7.15,1943424,31
1424462403,4.28,1626368,26
1424466002,4.66,2127104,34
1424469603,5.82,2190064,35
1424473202,4.44,2002432,32
1424476802,3.77,1377568,22
1424480402,3.75,1752576,28
1424484002,4.34,2001408,32
1424487602,3.78,1751584,28
1424491202,5.68,2564736,41
1424494802,4.62,2126592,34
1424498403,22.77,1948416,32
1424502003,3.6,943328,15
1424505602,1.38,623872,10
1424509202,1.3,625408,10
1424512802,0.86,374016,6
1424516402,16.5,1297675,114
1424520002,0.82,375040,6
1424523603,0.16,62592,1
1424527202,0.32,125184,2
1424530802,0.79,375040,6
1424534402,3.17,1437056,23
1424538002,4.91,1569984,25
1424541602,5.5,1750720,28
1424545202,2.46,1126144,18
1424548802,4.81,1815424,29
1424552402,2.41,1126656,18
1424556002,3.26,1563264,25
1424559602,2.5,1188224,19
1424563202,2.2,1063040,17
1424566802,2.67,1251328,20
1424570402,2.84,1313920,21
1424574002,5.62,1444752,23
1424577603,4.49,1876224,30
1424581203,2.65,1249792,20
1424584803,3.81,1499136,24
1424588403,0.93,437120,7
1424592002,0.65,312960,5
1424595602,1.77,813696,13
1424599202,3.18,691392,11
1424602802,11.25,1369818,117
1424606402,1.75,560768,9
1424610003,1,437120,7
1424613603,0.12,62592,1
1424617202,0.99,500736,8
1424620802,1.01,500736,8
1424624402,2.52,1251328,20
1424628002,2.25,1063552,17
1424631603,4.5,1688688,27
1424635202,2.47,1189248,19
1424638802,3.51,1752064,28
1424642402,2.09,1063040,17
1424646002,55.5499999999999,8998276,263
1424649602,3.9,1936256,31
1424653202,5.97,2131504,34
1424656802,6.1,1750736,28
1424660402,4.3,1938304,31
1424664002,22.08,1881664,30
1424667602,4.29,1939328,31
1424671233,1.92,938368,15
1424674803,5.72,1142752,20
1424678402,66.86,835968,16
1424682002,7.43,1250544,20
1424685602,0.14,62592,1
1424689202,50.33,635344,11
1424692802,18.14,1431119,116
1424696403,0.29,124160,2
1424700003,2.06,501856,8
1424703603,4.67,813360,13
1424707202,3.05,1251840,20
1424710803,5.58,2375936,38
1424714403,4.33,1815168,29
1424718002,8.91,3378944,54
1424721602,8.26,3566720,57
1424725202,9.84,3320240,53
1424728803,4.87,2001472,32
1424732403,4.13,1625856,26
1424736002,10.77,3320688,53
1424739603,38.24,6525088,104
1424743203,7.78,2186192,35
1424746802,5.59,2502144,40
1424750402,6.65,2814272,45
1424754003,6.53,1939856,31
1424757604,6.38,2815616,45
1424761202,4.26,1751040,28
1424764802,1.28,561792,9
1424768404,10.45,1257504,20
1424772003,3.84,811824,13
1424775603,2.7,623040,10
1424779202,14.5,1107622,101
1424782803,1.51,124352,2
1424786403,2.93,748096,12
1424790002,4.75,810880,13
1424793602,29.89,4439488,71
1424797202,41.02,5117808,82
1424800802,50.36,5176640,83
1424804403,15.17,3950368,63
1424808003,8.25,2071136,33
1424811602,5.91,1937280,31
1424815202,17.48,3499552,56
1424818803,7.97,3252736,52
1424822403,277.12,21075024,338
1424826002,84.12,8792464,141
1424829603,21.61,2999888,48
1424833203,13.48,3348144,54
1424836802,52.19,5775280,93
1424840402,49.42,5491264,88
1424844004,30.43,5988032,101
1424847603,36.68,3834128,67
1424851202,1.91,872704,14
1424854802,0.54,249344,4
1424858403,0.42,187264,3
1424862002,0.68,311936,5
1424865603,22.25,1405679,120
1424869202,0.96,437632,7
1424872802,3.94,1742848,28
1424876402,2.2,935808,15
1424880003,14.36,5295744,85
1424883603,8.11,3053376,49
1424887202,12.71,5355264,86
1424890802,10.87,3685056,59
1424894403,14.45,5185936,83
1424898004,29.97,6935808,111
1424901602,71.67,11466192,184
1424905202,59.96,5992320,96
1424908802,63.02,7976560,128
1424912402,59.1,7229616,116
1424916003,60.77,7793888,125
1424919603,56.94,6113152,98
1424923202,60.63,8904768,143
1424926802,60.4,6419728,103
1424930424,9.86,2751328,44
1424934004,5.83,1568464,25
1424937614,12.23,2498080,40
1424941203,2.41,436544,7
1424944834,1.11,311936,5
1424948402,0.56,249856,4
1424952002,12.37,1203605,32
1424955603,9.64,2794407,107
1424959204,2.74,1059456,17
1424962802,5.21,2242048,36
1424966402,14.68,4984832,80
1424970002,33.75,11704960,188
1424973602,8.96,3615520,58
1424977202,21.06,8295872,133
1424980802,16.99,7414656,119
1424984404,11.79,3746464,60
1424988003,22.36,6298352,101
1424991602,8.97,4115712,66
1424995202,11.67,5208944,84
1424998802,8.04,2876784,46
1425002402,7.89,3745792,60
1425006002,3.23,1560704,25
1425009602,8,3739648,60
1425013203,29.49,8111248,130
1425016817,6.01,2619600,42
1425020402,3.23,1558656,25
1425024003,0.37,187776,3
1425027603,0.56,250368,4
1425031202,0.52,249856,4
1425034803,1.41,190496,3
1425038402,0.87,373504,6
1425042003,13.28,1306378,104
1425045602,1.3,187856,3
1425049202,2.96,1247744,20
1425052803,8.63,2062032,33
1425056404,8.09,3305088,53
1425060003,8.76,3121376,50
1425063603,8.19,3613440,58
1425067203,6.06,2435456,39
1425070803,4.29,1315120,21
1425074402,6.04,2495488,40
1425078002,7.94,3556480,57
1425081602,8.76,2249552,36
1425085202,2.82,1311872,21
1425088802,5.54,2686336,43
1425092402,7.99,3695680,60
1425096002,6.77,3300992,53
1425099602,5.48,2555008,41
1425103246,12.08,4854208,78
1425106803,3.28,1556608,25
1425110402,0.95,437632,7
1425114002,1.34,684928,11
1425117602,0.79,375040,6
1425121202,3.4,626080,10
1425124802,1.09,187264,3
1425128403,9.67999999999999,1169032,114
1425132002,4.41,1619296,26
1425135603,3.12,1308576,21
1425139202,9.07,2996960,48
1425142802,1.59,749568,12
1425146402,3.16,1557632,25
1425150002,5.72,2247680,36
1425153602,8.04,3365600,54
1425157203,3.38,1559168,25
1425160802,10.38,4298336,69
1425164402,2.86,999824,16
1425168002,6.61,2501040,40
1425171602,2.92,1002672,16
1425175202,9.46,3114832,50
1425178802,5.79,2247552,36
1425182402,4.3,2121984,34
1425186002,7.07,3430272,55
1425189784,6.65,2992128,48
1425193202,2.9,1372416,22
1425196803,2.5,1182656,19
1425200402,1.89,935296,15
1425204002,2.96,625360,10
1425207602,0.74,311936,5
1425211202,0.67,310912,5
1425214802,8.85999999999999,1163300,90
1425218402,70.6799999999999,9281760,149
1425222002,4.13,1930112,31
1425225603,3.16,1497088,24
1425229202,4.27,1869056,30
1425232802,4.97,2326848,38
1425236401,2.88,1374464,22
1425240002,3.19,1577792,26
1425243602,9.25,3114464,50
1425247203,6.65,2125872,34
1425250803,5.87,2746368,44
1425254402,16.27,6905680,111
1425258002,5.15,2434432,39
1425261602,4.24,1933696,31
1425265203,3.8,1744384,28
1425268804,8.31,3924864,63
1425272402,11.77,4608256,74
1425279604,20.32,5292960,87
1425283203,6.53,1619840,26
1425286803,2.93,686784,11
1425290403,0.75,124672,2
1425294003,0.37,187264,3
1425297602,0.29,124160,2
1425301204,16.33,1280577,90
1425304844,3.53,811456,13
1425308402,4.29,1687424,27
1425312003,10.49,3743232,60
1425315619,7.66,2436992,39
1425319203,8.07,2932096,47
1425322803,12.51,3128336,50
1425326402,25.58,6051584,97
1425330002,13.25,3617344,58
1425333603,17.24,6229376,100
1425337202,9.83,2938848,47
1425340803,14.99,5114624,82
1425344402,11.82,4366656,70
1425348041,9.51,2684096,43
1425351603,10.02,2248704,36
1425355202,17.04,7099584,114
1425358923,14.13,4922176,79
1425362555,10.19,2621904,42
1425366003,3.15,1251328,20
1425369603,1.3,499200,8
1425373203,6.52,1249984,20
1425376802,11.1,1865664,30
1425380402,5.63,934848,15
1425384088,1.06,375040,6
1425387603,0.3,125184,2
1425391207,18.24,2514032,139
1425394803,5.15,1996288,32
1425398498,4.95,1811072,29
1425402002,9.1,2997024,48
1425405603,10.41,3747488,60
1425409206,11.44,3626432,58
1425412808,13.42,4111936,66
1425416443,8.16,2751872,44
1425420002,11.56,3623360,58
1425423602,12.42,4800640,77
1425427203,10.59,4612864,74
1425430803,5.11,2183040,35
1425434534,9.55,3745344,60
1425438002,2.53,1000448,16
1425441602,6.62,2564032,41
1425445202,11.45,2562064,41
1425448835,6.91,2553024,41
1425452403,11.54,3986944,64
1425456003,1.13,500224,8
1425459602,1.88,745984,12
1425463204,3.55,750592,12
1425466804,1.07,124928,2
1425470406,0.46,187264,3
1425474003,3.06,621824,10
1425477602,15.29,1500932,107
1425481203,40.27,7099312,114
1425484804,7.68,2121600,34
1425488403,16.46,4920464,79
1425492054,16.59,5667440,91
1425495796,15.73,4431600,71
1425499309,19.4,6040640,97
1425502803,43.92,5614848,90
1425506403,10.72,4362496,70
1425510002,10.26,4237712,68
1425513603,7.97,3497472,56
1425517203,7.23,2868160,46
1425520802,10.33,4674432,75
1425524403,20.99,9455552,152
1425528002,12.66,3494592,56
1425531602,11.48,4182800,67
1425535264,22.16,7727538,125
